          K = 1               2
Nit = 1   0.655221745350501   0.959942775393419
      2   0.655221745350501   0.951359084406295
      3   0.655221745350501   0.964234620886981
      4   0.655221745350501   0.958512160228898
      5   0.655221745350501   0.961373390557940
      6   0.655221745350501   0.961373390557940
      7   0.655221745350501   0.961373390557940
      8   0.655221745350501   0.961373390557940
      9   0.655221745350501   0.961373390557940
      10  0.655221745350501   0.961373390557940